5050.992994
6685.944146
6397.951012
8837.544081
214.9720197
4871.233672
5627.774745
9507.089986
5426.872423
5175.804482
4844.859798
4974.299407
4295.765139
4035.378471
5183.152862
5885.354186
5370.909603
4997.90917
11125.63836
8922.113879
4983.435318
4376.057564
4434.031044
21.35536611
4966.547216
5744.276192
10505.52767
5896.572185
3573.718381
13145.28509
372.2051952
5547.133751
119.381232
2171.461612
4419.820779
3389.452462
5555.081632
6174.004047
10097.94408
14070.83914
5442.202861
10317.39191
11286.73466
11500.48863
6227.323482
612.1624397
4487.489109
2681.852165
5483.980503
6525.082686
5024.128901
5799.28884
5131.246502
13910.30439
21896.86214
12207.62845
10361.52073
11081.92961
17859.04531
11421.72632
9614.744811
5115.272423
528.0914643
4526.780877
7134.390721
11513.86278
10606.61214
31897.07552
13543.59283
26944.57518
39566.75892
43346.05743
17270.42329
19104.95055
7434.798097
12577.5979
10136.77309
10264.26415
21521.0454
11137.45089
23346.63435
23237.45784
9104.17965
32232.37659
42882.89314
6851.143711
5954.248848
13356.89598
2081.735776
6301.450255
3726.924768
10167.59281
16211.74278
11780.44596
8174.949239
15152.61424
8703.148628
31779.81611
14730.02441
3702.49975
5390.709781
5045.349107
1346.405356
10086.93595
11436.42687
5239.968537
11941.85069
10040.01974
10755.89603
11124.84125
17556.67697
5615.318459
9586.259801
8410.811781
9726.906419
141.0535084
5058.030777
220.8770891
257.0360555
9867.063961
10117.67719
5302.785183
10869.78252
10782.38129
24757.48676
16025.87133
42098.88575
167.6379713
4999.360827
4558.734804
7728.484931
2881.254684
396.3310951
1167.516205
429.1360687
15951.25338
10546.1005
958.2029288
18529.40608
10082.06218
13463.00808
5783.706318
14534.65126
28231.86611
28178.62196
37396.85102
10960.92657
15879.68853
7473.700008
16914.23567
1265.600905
5670.81031
10088.67564
4809.042962
530.9324643
9994.436637
8109.580239
11355.90605
11796.27008
8245.450242
7870.422653
17363.72639
24013.4557
46148.37814
69345.97291
14088.49957
7441.009433
14155.64564
4856.693328
1476.283895
5060.779952
3025.864233
989.3697264
3371.7325
13852.5738
8916.888542
11467.46276
8089.283284
26084.03214
70439.68143
79971.44084
6120.384135
893.3990925
8470.372156
5444.072168
1936.732852
5212.611483
21645.85397
9598.513381
17585.70112
17157.50756
17671.2441
7058.770309
26644.57884
30448.59891
23269.3701
7250.075138
3980.508254
13765.36562
4377.748936
5201.183519
8623.448878
7497.220727
14110.84012
12386.89816
11308.01808
23041.38606
12721.62044
6406.663002
37192.58183
31487.86404
12455.70011
8637.299521
7967.355069
4686.404159
7494.454993
3285.638798
4892.08564
12608.93334
8039.594053
11872.7901
6115.922863
23345.6634
12748.67155
38.14008996
1148.487144
10546.37162
4739.765501
5186.355931
9894.462752
5445.420556
5329.521109
2480.35424
19654.38386
25200.05261
30822.71266
30853.58582
24492.63741
5830.417521
7430.689387
6236.693556
7572.434431
9376.945799
7552.514534
2085.339472
11702.85365
10133.58161
30212.12699
28276.91693
22222.08866
15644.61275
4267.68071
4642.37858
5996.829729
7191.464646
6400.110198
5838.650534
3341.894324
413.0087039
7897.717156
10137.0253
40540.93346
15343.92551
30915.85712
30884.42218
5014.442379
6454.686876
5967.899997
5573.441604
7833.569794
5745.170753
8423.235671
5334.32712
2419.585163
30645.61272
20670.32626
24462.12046
20805.05757
17459.95061
10546.69086
5601.23838
310.03331
6770.385538
7613.969094
14547.58971
10964.26776
6017.566085
7094.358437
2671.294448
15578.65748
7130.23448
48.6700854
21237.53232
19593.72666
38263.07054
9574.160987
4978.553837
9320.637588
8682.783337
6419.235447
5863.241812
1074.259055
2052.417688
9931.283598
10709.1452
18849.06208
15002.65409
20861.31494
62838.86799
1212.536223
6007.365808
6921.575558
7306.491728
6963.138356
6251.703056
5.496536363
343.5251381
16426.44228
13504.77569
14079.85028
37499.41822
9976.719872
12104.88167
9137.693168
360.0477122
7616.960182
13972.318
15538.61804
50.82439174
5965.097077
12854.36517
7116.441141
2050.07076
12577.46287
5753.631902
5866.949224
31195.20879
54462.21894
5913.683893
2269.901434
869.5439838
4443.762505
45269.31473
25009.3031
23992.26418
4636.871837
4283.716706
5700.552833
5693.098609
5339.52596
7065.206122
6029.428254
32486.88796
12507.31278
3252.858952
6306.379319
5183.35851
5503.719674
3670.762388
11202.60514
16189.81087
3954.592312
11191.29352
17.96728227
2689.309292
2775.440329
1190.302451
10059.51482
15206.83676
9292.002603
23332.07545
5380.428913
1830.346857
3587.978814
7717.278931
8949.932341
10018.13228
18337.50914
1276.446791
13098.35095
15896.09752
12970.69763
7267.856242
13440.95672
6228.842756
15185.76442
4618.842682
12268.58062
10784.27892
17584.34333
6970.407473
6501.544427
9230.232177
252.5928536
4434.136234
14372.49855
6639.075483
6229.08688
13310.30972
13100.37542
31203.08345
10078.08557
3633.628722
2418.399993
6598.654183
8533.636222
6314.268233
15503.15332
26372.232
5458.882648
5117.20231
7776.017954
5415.298479
6108.713188
6659.499706
8653.27925
7136.808957
7848.841002
7237.870042
457.7592007
8943.119237
48436.02104
12109.37194
24230.27733
17169.98999
18388.41105
5317.630639
6309.915146
8248.487695
10524.24564
5216.921484
4445.598151
41111.16324
38706.51343
30296.48703
72778.97537
27889.66593
13858.55575
18263.8759
3849.408365
8059.414791
3508.505901
4091.557541
8310.495636
2898.160134
3590.996206
1849.371469
4273.816905
19159.66754
34924.86488
83154.55424
44106.21625
8642.981869
25175.72126
14909.83798
3144.029473
3307.057395
2420.627486
48.99650018
5860.062776
3881.387313
37601.99863
43881.72908
45677.78438
24442.14302
7483.995077
4003.891072
21159.95251
16291.23038
5408.498235
7878.065041
6580.292107
16662.31029
12189.60328
2084.742681
13950.22008
22139.33984
20633.25581
6018.073052
5217.593474
14802.7204
5742.898312
6094.440344
9870.967504
9215.010472
12428.14919
21397.30175
5172.134546
5358.576415
5110.013301
7068.310507
8874.938444
10914.846
12757.49787
12820.46689
14460.65709
7591.081571
15072.86268
8051.661918
6415.71697
5255.243036
5143.438969
6238.827118
5124.98496
6569.129713
6194.006647
17270.65999
11848.7206
17956.24196
12444.55578
16945.37278
1046.117091
6056.091326
10330.21092
6045.680267
9547.545475
12552.19924
64411.52726
58934.23633
46200.48741
22183.60669
1414.429715
1891.9464
7863.170461
7151.982968
5767.275425
8729.562468
10990.35546
17259.93765
31654.82922
33418.98878
21195.59808
8033.678699
1277.77385
15088.49803
12413.70269
5651.681062
5524.991828
6856.245451
25030.39891
8643.789978
13957.41159
8166.496355
5940.356381
5095.149869
7423.971742
5337.162006
5263.074738
5488.290679
7615.182526
5447.0033
5219.43054
9810.946132
6318.139507
5209.627493
6744.586509
8143.347167
7818.247897
6545.580845
6558.688741
5174.60912
7834.789695
7467.337329
13118.61412
5262.330699
5118.415151
6022.744531
5495.703727
6780.010679
5580.65254
6040.117623
3834.123084
12508.66417
8344.058238
5283.89486
15881.01906
11213.50577
6025.666501
5291.884359
8057.932158
5121.567126
6595.066172
3972.611657
5283.03662
9200.800722
17247.52872
12349.61497
5320.214832
5030.320814
5071.581468
5341.841074
1895.438256
6461.275004
7651.495226
5888.98282
5113.644082
7567.295066
13497.3832
5017.951307
12195.7676
5266.804661
14873.00892
82723.39958
37818.19531
4137.424593
29889.82351
488.6290952
4313.92554
4076.734365
1274.083903
5170.102532
4086.414705
3204.412544
2659.244819
3314.336869
4715.316422
6427.97917
6697.224889
10077.43261
6944.513751
1205.222399
4574.178249
832.3600039
9549.40749
5791.110771
12004.29797
9892.725844
71.61336336
8941.036339
14936.91674
9396.739199
11068.98583
10354.47199
10708.25424
10873.58206
4355.201509
5291.320858
840.419124
10818.97924
10081.71418
10654.43276
5106.770609
17542.74444
8812.43516
4278.486611
9293.414068
21427.79617
9854.813892
17673.29378
13960.18274
19676.79615
15145.92814
13288.84541
10830.06289
10444.50485
15420.19037
16601.81572
17283.95887
13917.48959
12531.4461
2035.846929
3657.169547
4719.808394
8144.762627
3800.000000
3800.000000
3800.000000
3800.000000
